Title: Multi-Element Abundance Measurements from Medium-Resolution
       Spectra. I. The Sculptor Dwarf Spheroidal Galaxy
Authors: Kirby E.N., Guhathakurta P., Bolte M., Sneden C., Geha M.
Table: Multi-Element Abundances in Sculptor
================================================================================
Byte-by-byte Description of file: apj311146t7_mrt.txt
--------------------------------------------------------------------------------
   Bytes Format Units   Label   Explanations
--------------------------------------------------------------------------------
   1-  2 I2     h       RAh     Hour of Right Ascension (J2000)
   4-  5 I2     min     RAm     Minute of Right Ascension (J2000)
   7- 10 F4.1   s       RAs     Second of Right Ascension (J2000)
      12 A1     ---     DE-     Sign of the Declination (J2000)
  13- 14 I2     deg     DEd     Degree of Declination (J2000)
  16- 17 I2     arcmin  DEm     Arcminute of Declination (J2000)
  19- 20 I2     arcsec  DEs     Arcsecond of Declination (J2000)
  22- 27 F6.3   mag     Mmag    M band magnitude
  29- 33 F5.3   mag   e_Mmag    Uncertainty in Mmag
  35- 40 F6.3   mag     Tmag    T2 band magnitude
  42- 46 F5.3   mag   e_T2mag   Uncertainty in T2mag
  48- 51 I4     K       Teff    Effective temperature
  53- 56 F4.2   cm/s2   log(g)  Log of surface gravity
  58- 61 F4.2   km/s    vt      Microturbulent velocity
  63- 67 F5.2   dex     [Fe/H]  Iron abundance relative to the Sun
  69- 72 F4.2   dex   e_[Fe/H]  Uncertainty in [Fe/H]
  74- 78 F5.2   dex     [Mg/Fe] Magnesium-to-iron ratio relative to the Sun
  80- 83 F4.2   dex   e_[Mg/Fe] Uncertainty in [Mg/Fe]
  85- 89 F5.2   dex     [Si/Fe] Silicon-to-iron ratio relative to the Sun
  91- 94 F4.2   dex   e_[Si/Fe] Uncertainty in [Si/Fe]
  96-100 F5.2   dex     [Ca/Fe] Calcium-to-iron ratio relative to the Sun
 102-105 F4.2   dex   e_[Ca/Fe] Uncertainty in [Ca/Fe]
 107-111 F5.2   dex     [Ti/Fe] Titanium-to-iron ratio relative to the Sun
 113-116 F4.2   dex   e_[Ti/Fe] Uncertainty in [Ti/Fe]
--------------------------------------------------------------------------------
00 59 21.6 -33 42 58 19.662 0.090 18.557 0.048 5105 2.02 1.66 -2.17 0.19            -0.12 0.75 +0.39 0.28           
00 59 21.7 -33 41 02 18.296 0.037 16.987 0.027 4674 1.27 1.84 -1.91 0.14 +0.05 0.41 +0.07 0.21 +0.06 0.15 +0.14 0.14
00 59 23.9 -33 42 59 19.614 0.091 18.383 0.048 4805 1.87 1.70 -1.95 0.16 +0.27 0.64 -0.12 0.39 +0.37 0.22 -0.04 0.37
00 59 26.9 -33 40 29 18.871 0.051 17.559 0.029 4672 1.49 1.79 -1.21 0.14 -0.48 0.47 -0.06 0.20 -0.03 0.14 -0.00 0.13
00 59 27.1 -33 43 42 17.872 0.026 16.327 0.024 4392 0.88 1.93 -1.67 0.14 +0.05 0.22 -0.19 0.20 -0.01 0.13 -0.08 0.11
00 59 27.3 -33 38 47 18.218 0.037 16.927 0.028 4738 1.26 1.84 -1.51 0.14 +0.41 0.38 -0.32 0.23 +0.02 0.15 +0.02 0.13
00 59 27.7 -33 40 35 17.383 0.025 15.699 0.025 4232 0.60 2.00 -2.16 0.14 +0.25 0.21 +0.14 0.19 +0.12 0.12 -0.03 0.11
00 59 28.3 -33 42 07 17.305 0.017 15.377 0.020 3789 0.49 2.03 -1.65 0.14 +0.23 0.15 +0.30 0.19 -0.17 0.13 -0.33 0.10
00 59 28.7 -33 38 57 19.063 0.037 17.763 0.030 4622 1.58 1.77 -1.76 0.14            +0.07 0.24 -0.04 0.16 +0.08 0.15
00 59 30.4 -33 36 05 18.108 0.024 16.705 0.021 4517 1.11 1.88 -2.49 0.15            -0.19 1.22 +0.31 0.21 +0.19 0.22
00 59 30.6 -33 37 13 20.117 0.066 18.922 0.048 4797 2.11 1.64 -1.62 0.24            -0.23 0.72 +0.86 1.07 +0.29 0.47
00 59 30.6 -33 42 07 18.889 0.035 17.588 0.026 4649 1.51 1.79 -1.99 0.14 +0.49 0.33 -0.10 0.27 +0.06 0.26 -0.11 0.21
00 59 30.9 -33 36 50 19.941 0.065 18.783 0.047 4880 2.08 1.65 -2.38 0.30 +0.11 6.44 +0.80 0.45            +0.59 0.60
00 59 31.5 -33 39 42 20.370 0.081 19.264 0.070 4979 2.30 1.60 -1.83 0.21            +0.28 0.51 -0.01 0.48 +0.04 0.65
00 59 31.9 -33 40 38 19.792 0.065 18.556 0.041 4766 1.94 1.68 -1.90 0.16            +0.27 0.31 +0.20 0.20 +0.14 0.29
00 59 32.0 -33 38 37 19.335 0.045 18.138 0.034 4833 1.80 1.72 -1.96 0.16            -0.15 0.45 -0.04 0.30 -0.55 0.74
00 59 32.8 -33 36 11 18.693 0.032 17.378 0.024 4675 1.42 1.81 -1.72 0.15 +0.20 0.58 -0.14 0.28 +0.35 0.32 -0.14 0.21
00 59 33.6 -33 37 54 19.520 0.047 18.226 0.036 4650 1.77 1.72 -1.18 0.15 -0.16 0.58 +0.27 0.26 +0.16 0.40 -0.22 0.24
00 59 33.8 -33 39 27 19.389 0.051 18.131 0.033 4701 1.75 1.73 -2.32 0.18 +0.90 0.75 +0.69 0.31 +0.32 0.33 -0.29 1.06
00 59 33.8 -33 42 38 19.040 0.043 17.683 0.029 4618 1.51 1.78 -1.23 0.14            -0.36 0.24 -0.05 0.16 -0.29 0.13
00 59 34.0 -33 36 15 19.198 0.047 17.944 0.030 4682 1.68 1.75 -2.45 0.21            -0.31 1.78 +0.62 0.32 -0.04 0.72
00 59 34.1 -33 43 51 18.964 0.030 17.622 0.032 4579 1.49 1.79 -1.44 0.14 +0.16 0.24 -0.15 0.21 -0.01 0.18 -0.15 0.13
00 59 34.2 -33 43 19 19.236 0.043 18.026 0.036 4833 1.74 1.73 -1.66 0.14 +0.22 0.39 -0.08 0.24 +0.34 0.17 +0.17 0.16
00 59 34.3 -33 37 19 20.015 0.082 18.724 0.043 4678 1.98 1.67 -1.48 0.17            +0.27 0.37 -0.13 0.51           
00 59 35.2 -33 37 31 18.887 0.039 17.559 0.022 4580 1.48 1.79 -1.95 0.15            -0.07 0.33 +0.65 0.23 -0.06 0.24
00 59 35.4 -33 44 09 17.577 0.022 15.640 0.026 3688 0.46 2.03 -1.35 0.14 +0.07 0.17 +0.14 0.19 -0.33 0.15 -0.54 0.10
00 59 36.1 -33 37 09 18.551 0.031 17.213 0.025 4579 1.34 1.83 -1.92 0.15            +0.10 0.28 +0.07 0.23 +0.04 0.17
00 59 36.7 -33 36 14 20.307 0.074 19.553 0.073 5967 2.65 1.51 -1.62 0.53            -0.10 1.44            +0.33 2.20
00 59 37.0 -33 41 56 18.267 0.028 16.764 0.026 4418 1.07 1.89 -1.34 0.14 -0.01 0.17 -0.15 0.20 -0.07 0.11 -0.11 0.11
00 59 37.1 -33 43 06 18.405 0.024 17.111 0.030 4699 1.33 1.83 -2.42 0.14 +0.44 0.65 +0.09 0.29 +0.31 0.14 +0.11 0.23
00 59 37.6 -33 43 33 18.188 0.022 16.706 0.019 4495 1.06 1.89 -1.19 0.14 -0.07 0.18 -0.18 0.19 +0.11 0.18 -0.06 0.11
00 59 37.6 -33 40 22 18.053 0.026 16.587 0.022 4425 1.03 1.90 -1.95 0.14 -0.49 1.18 -0.07 0.21 -0.00 0.11 -0.02 0.11
00 59 38.0 -33 40 32 17.971 0.022 16.416 0.024 4335 0.91 1.93 -1.74 0.14 -0.11 0.37 +0.05 0.20 -0.06 0.21 +0.07 0.12
00 59 38.1 -33 35 08 17.747 0.017 16.130 0.016 4375 0.77 1.96 -1.39 0.14 +0.76 0.49 -0.48 0.21 -0.18 0.18 -0.13 0.13
00 59 38.4 -33 45 10 17.677 0.022 16.012 0.024 4201 0.69 1.98 -1.56 0.14 +0.24 0.22 -0.02 0.20 -0.02 0.12 +0.07 0.11
00 59 38.4 -33 37 28 18.858 0.036 17.596 0.026 4705 1.54 1.78 -1.90 0.15 -0.09 1.55 +0.24 0.25 +0.53 0.22 -0.23 0.33
00 59 38.6 -33 43 59 19.451 0.044 18.201 0.032 4727 1.78 1.72 -1.60 0.14 +0.49 0.34 -0.18 0.27 -0.08 0.20 -0.33 0.23
00 59 38.7 -33 35 30 20.355 0.078 19.487 0.048 5580 2.55 1.54 -1.63 0.38            +0.48 0.53                      
00 59 38.9 -33 36 13 18.601 0.030 17.134 0.026 4439 1.23 1.85 -1.37 0.14 +0.33 0.24 -0.15 0.22 +0.15 0.15 -0.01 0.13
00 59 39.5 -33 45 39 17.717 0.024 16.160 0.023 4358 0.81 1.95 -1.88 0.14 +0.31 0.20 -0.00 0.19 +0.12 0.12 +0.01 0.11
00 59 40.3 -33 39 45 19.255 0.040 17.952 0.031 4666 1.65 1.75 -1.65 0.15 +0.34 0.44 +0.12 0.28 +0.31 0.31 +0.04 0.20
00 59 40.3 -33 36 06 17.703 0.018 16.066 0.021 4280 0.73 1.97 -1.52 0.14 +0.19 0.17 -0.11 0.19 -0.07 0.15 +0.13 0.11
00 59 40.4 -33 45 52 20.032 0.065 18.779 0.042 4734 2.02 1.66 -2.15 0.17 +0.44 0.73 -0.14 0.73 -0.52 0.60 +0.24 0.32
00 59 40.5 -33 35 54 17.889 0.018 16.401 0.019 4408 0.94 1.92 -2.33 0.14 +0.12 0.75 +0.31 0.22 +0.28 0.18 +0.25 0.12
00 59 40.7 -33 41 17 18.806 0.043 17.530 0.028 4640 1.50 1.79 -1.99 0.14 +0.54 0.30 -0.37 0.38 +0.04 0.14 +0.07 0.16
00 59 40.8 -33 41 29 19.879 0.055 18.701 0.040 4963 2.03 1.66 -2.39 0.35 +0.75 1.11 +0.27 0.53 +0.02 0.27 +0.69 0.31
00 59 41.0 -33 37 45 18.365 0.028 17.054 0.024 4657 1.30 1.84 -2.19 0.15 +0.66 0.50 -0.44 0.70 -0.17 0.23 -0.13 0.18
00 59 41.5 -33 40 29 20.171 0.076 18.958 0.050 4836 2.12 1.64 -1.24 0.18 +0.22 0.65 -0.13 0.43 -0.30 0.64 -0.26 0.43
00 59 41.7 -33 39 12 20.261 0.077 19.145 0.051 4907 2.25 1.61 -1.36 0.20            +0.13 0.39 -0.23 0.67 -0.12 0.49
00 59 42.1 -33 41 38 19.880 0.078 18.787 0.041 5036 2.12 1.64 -1.64 0.15 +0.22 0.56 -0.53 0.59 -0.22 0.25 -0.24 0.46
00 59 42.6 -33 38 17 18.075 0.027 16.520 0.024 4369 0.95 1.92 -1.20 0.14 -0.23 0.30 -0.41 0.22 -0.19 0.13 -0.10 0.11
00 59 42.7 -33 43 55 19.461 0.044 18.265 0.034 4819 1.85 1.71 -1.31 0.14 -0.20 0.48 -0.02 0.21 -0.32 0.16 -0.13 0.17
00 59 43.2 -33 37 02 19.765 0.058 18.560 0.037 4800 1.96 1.68 -1.29 0.16 +0.23 0.46 -0.05 0.29 -0.19 0.38 -0.25 0.27
00 59 43.9 -33 35 10 20.125 0.071 19.011 0.049 4927 2.20 1.62 -1.05 0.17            -0.63 0.46 -0.01 0.50 -0.45 0.45
00 59 44.3 -33 33 42 18.463 0.018 17.143 0.017 5338 1.33 1.83 -1.79 0.22 +0.98 0.30 +0.08 0.27 +0.22 0.25 +0.49 0.20
00 59 44.4 -33 43 00 19.244 0.038 17.905 0.030 4667 1.61 1.76 -1.27 0.14 -0.67 0.89 -0.17 0.22 -0.31 0.15 -0.19 0.14
00 59 44.7 -33 49 13 18.050 0.024 16.607 0.023 4472 1.05 1.90 -1.86 0.14 -0.86 1.20 +0.19 0.19 -0.00 0.16 -0.05 0.12
00 59 44.9 -33 44 35 18.316 0.029 16.801 0.025 4483 1.08 1.89 -0.99 0.14 -0.09 0.17 -0.53 0.21 -0.08 0.12 -0.19 0.11
00 59 45.3 -33 43 54 18.107 0.029 16.661 0.021 4530 1.06 1.89 -1.76 0.14 +0.02 0.30 -0.13 0.20 -0.05 0.11 -0.19 0.12
00 59 45.7 -33 43 38 20.159 0.096 19.017 0.048 5091 2.18 1.63 -0.94 0.15 -0.66 0.81 -0.19 0.27 -0.11 0.24 -0.07 0.22
00 59 46.1 -33 46 60 19.943 0.075 18.797 0.049 5042 2.09 1.65 -1.33 0.15 +0.32 0.39 -0.50 0.39 -0.26 0.24 -0.46 0.42
00 59 46.1 -33 41 58 20.011 0.062 18.833 0.049 4861 2.09 1.65 -1.73 0.16 +0.44 0.68 -0.04 0.37 -0.07 0.20 -0.33 0.51
00 59 46.2 -33 48 39 17.820 0.023 16.241 0.021 4375 0.83 1.95 -1.46 0.14 +0.13 0.15 -0.20 0.19 -0.07 0.11 +0.01 0.10
00 59 46.3 -33 43 10 20.241 0.072 19.126 0.063 4971 2.24 1.61 -1.10 0.15 -0.09 0.54 -0.65 0.40 -0.55 0.23 -0.61 0.37
00 59 46.4 -33 41 23 17.556 0.023 15.668 0.022 3838 0.49 2.03 -1.22 0.14 -0.03 0.20 -0.07 0.21 -0.05 0.24 -0.40 0.11
00 59 46.5 -33 40 45 18.728 0.035 17.408 0.024 4650 1.43 1.80 -1.61 0.14 +0.19 0.53 +0.07 0.22 -0.08 0.20 -0.56 0.34
00 59 46.6 -33 46 07 20.236 0.075 19.274 0.070 5378 2.40 1.57 -2.15 0.26            -0.95 7.43 +0.68 0.46 +0.50 0.78
00 59 46.7 -33 47 20 19.770 0.060 18.537 0.044 4787 1.93 1.69 -2.75 0.22            +1.04 0.33 +0.41 0.33 -0.36 2.53
00 59 46.8 -33 39 50 18.475 0.030 17.045 0.027 4454 1.22 1.85 -1.58 0.14 +0.28 0.30 +0.04 0.22 -0.22 0.46 -0.02 0.13
00 59 46.9 -33 43 46 18.439 0.030 17.009 0.021 4482 1.20 1.86 -1.32 0.14 -0.11 0.20 -0.17 0.19 -0.06 0.12 +0.03 0.11
00 59 47.1 -33 36 21 20.196 0.084 19.020 0.048 4871 2.17 1.63 -1.75 0.18            +0.34 0.35            -0.60 1.35
00 59 47.3 -33 46 30 17.743 0.020 16.034 0.021 4127 0.67 1.98 -1.24 0.14 -0.05 0.13 -0.02 0.19 -0.02 0.11 -0.25 0.11
00 59 47.4 -33 40 16 19.960 0.079 18.812 0.049 4909 2.10 1.65 -2.04 0.24            -0.12 0.97 -0.21 0.82 -0.76 3.71
00 59 47.4 -33 40 23 19.173 0.045 18.030 0.033 4911 1.79 1.72 -2.09 0.18 +0.55 0.90 +0.39 0.32 +0.26 0.30 -0.04 0.59
00 59 47.6 -33 36 42 18.838 0.037 17.636 0.025 4973 1.59 1.77 -2.89 0.25 +0.44 2.66            +0.72 0.26           
00 59 47.7 -33 37 02 20.495 0.105 19.559 0.067 5531 2.55 1.54 -1.28 0.27            +0.37 0.54 +0.04 0.53 +0.24 0.83
00 59 47.7 -33 47 29 18.014 0.025 16.397 0.021 4339 0.86 1.94 -1.03 0.14 -0.00 0.16 -0.38 0.20 +0.05 0.12 +0.01 0.11
00 59 48.4 -33 40 36 19.897 0.073 18.763 0.039 4898 2.09 1.65 -1.39 0.18 -0.57 3.07 -0.79 0.95 -0.43 0.47 -0.05 0.40
00 59 48.9 -33 42 18 18.307 0.035 16.860 0.021 4470 1.14 1.87 -1.49 0.14 +0.22 0.35 -0.17 0.23 -0.11 0.22 -0.07 0.14
00 59 49.1 -33 40 17 20.070 0.072 18.916 0.052 4893 2.14 1.64 -1.08 0.17 -0.15 0.74 -0.04 0.37 -0.51 0.57 +0.04 0.22
00 59 49.1 -33 44 05 18.306 0.025 16.857 0.025 4460 1.14 1.87 -1.85 0.14 +0.46 0.20 +0.20 0.20 +0.07 0.11 +0.02 0.12
00 59 49.3 -33 41 17 19.048 0.040 17.744 0.031 4685 1.57 1.77 -1.23 0.14 +0.03 0.39 -0.41 0.35 -0.08 0.19 -0.19 0.17
00 59 49.4 -33 46 47 19.134 0.046 17.881 0.036 4702 1.65 1.75 -1.89 0.14 +0.26 0.42 +0.30 0.22 +0.26 0.16 -0.25 0.23
00 59 49.6 -33 35 36 19.755 0.050 18.502 0.029 4775 1.91 1.69 -1.50 0.16 +0.02 0.87 +0.05 0.30 -0.33 0.22 +0.12 0.23
00 59 49.6 -33 37 52 19.059 0.053 17.778 0.025 4692 1.60 1.76 -2.02 0.15 -0.88 9.39 +0.04 0.33 +0.11 0.18 +0.29 0.22
00 59 50.1 -33 48 43 19.963 0.069 18.848 0.045 4972 2.13 1.64 -1.70 0.16            +0.62 0.24 +0.12 0.30 +0.23 0.30
00 59 50.2 -33 51 23 19.980 0.067 18.737 0.046 4738 2.01 1.67 -1.91 0.17 +0.24 0.90 +0.21 0.34 -0.74 0.58 -0.19 0.38
00 59 50.4 -33 38 04 19.994 0.080 18.858 0.051 4896 2.12 1.64 -1.25 0.16 +0.09 0.51 +0.40 0.27 -0.16 0.33 -0.35 0.35
00 59 50.4 -33 45 57 20.191 0.085 19.075 0.049 5050 2.22 1.62 -1.86 0.19 +0.91 0.50 -0.78 1.89 +0.04 0.47 -0.11 0.68
00 59 50.5 -33 36 11 20.229 0.088 19.074 0.045 4874 2.20 1.62 -1.13 0.16            -0.89 0.70 -0.47 0.33 -0.48 0.45
00 59 50.8 -33 36 21 18.591 0.031 17.159 0.024 4517 1.26 1.84 -1.13 0.14 +0.09 0.25 -0.21 0.20 -0.12 0.13 -0.25 0.12
00 59 51.0 -33 38 36 19.202 0.045 17.949 0.031 4669 1.68 1.74 -2.05 0.15 +0.29 0.72 +0.15 0.31 +0.15 0.25 +0.20 0.20
00 59 51.0 -33 48 55 18.274 0.023 16.904 0.022 4557 1.20 1.86 -2.16 0.14 +0.70 0.19 +0.02 0.24 +0.06 0.14 +0.13 0.13
00 59 51.6 -33 36 52 20.398 0.096 19.402 0.072 5481 2.43 1.57 -1.24 0.22 -0.67 5.02            -0.09 0.60 -0.39 1.49
00 59 51.9 -33 47 43 18.230 0.024 16.731 0.019 4463 1.06 1.89 -1.10 0.14 +0.03 0.18 -0.34 0.20 -0.08 0.12 -0.10 0.11
00 59 51.9 -33 41 46 18.966 0.042 17.551 0.027 4542 1.43 1.80 -1.02 0.14 +0.28 0.22 -0.35 0.24 +0.15 0.25 -0.07 0.13
00 59 52.0 -33 42 36 18.251 0.027 16.796 0.026 4483 1.11 1.88 -1.40 0.14 -0.83 1.12 -0.17 0.20 +0.01 0.21 -0.05 0.12
00 59 52.1 -33 40 21 19.366 0.042 18.143 0.036 4788 1.78 1.72 -1.49 0.15 +0.41 0.52 +0.06 0.27 +0.10 0.21 -0.19 0.25
00 59 52.1 -33 40 15 20.236 0.079 19.070 0.047 4887 2.19 1.62 -2.14 0.24            +0.53 0.41 -0.09 0.59 -0.31 1.76
00 59 52.3 -33 44 55 17.444 0.025 15.715 0.019 4204 0.57 2.01 -1.92 0.14 +0.23 0.18 -0.09 0.20 +0.01 0.10 -0.02 0.10
00 59 52.4 -33 41 28 18.302 0.023 16.777 0.022 4419 1.06 1.89 -1.16 0.14 +0.13 0.23 -0.22 0.22 +0.05 0.19 -0.07 0.12
00 59 52.6 -33 38 56 18.707 0.036 17.404 0.027 4581 1.44 1.80 -1.59 0.14 -0.66 1.12 -0.01 0.23 -0.15 0.27 -0.03 0.14
00 59 52.7 -33 43 04 18.963 0.045 17.645 0.026 4578 1.52 1.78 -1.64 0.15 -0.86 3.81 -0.29 0.35 +0.07 0.26 -0.07 0.19
00 59 52.8 -33 45 18 18.245 0.029 16.879 0.019 4573 1.20 1.86 -2.15 0.14 +0.24 0.48 -0.10 0.25 -0.00 0.12 -0.04 0.15
00 59 52.8 -33 44 40 18.524 0.031 17.048 0.023 4475 1.19 1.86 -1.10 0.14 -0.30 0.37 -0.17 0.21 -0.08 0.22 -0.14 0.12
00 59 53.0 -33 35 14 19.684 0.041 18.566 0.033 4976 2.02 1.66 -1.62 0.16 +0.10 0.87 +0.18 0.33 -0.12 0.27 -0.42 0.66
00 59 53.0 -33 39 19 17.663 0.022 15.879 0.027 4168 0.57 2.01 -1.19 0.14 +0.11 0.16 -0.28 0.21 +0.04 0.14 -0.09 0.11
00 59 53.6 -33 43 16 20.247 0.091 19.047 0.054 4790 2.16 1.63 -2.47 0.32            +0.18 1.38            +1.02 0.46
00 59 54.0 -33 37 42 18.040 0.021 16.542 0.022 4439 0.99 1.91 -1.43 0.14 +0.07 0.20 -0.10 0.20 +0.36 0.17 -0.01 0.11
00 59 54.2 -33 44 29 19.945 0.080 18.804 0.040 4918 2.10 1.65 -1.56 0.15            +0.38 0.25 +0.01 0.20 -0.02 0.27
00 59 54.2 -33 40 27 17.734 0.021 16.017 0.024 4243 0.66 1.99 -1.24 0.14 +0.03 0.20 -0.25 0.20 -0.14 0.12 -0.06 0.11
00 59 54.5 -33 37 53 17.920 0.020 16.582 0.019 4639 1.10 1.88 -1.12 0.14 -0.27 0.20 -0.25 0.19 -0.13 0.13 -0.16 0.11
00 59 54.9 -33 36 30 18.948 0.033 17.681 0.029 4761 1.57 1.77 -1.88 0.15 +0.76 0.29 +0.19 0.25 +0.57 0.27 +0.02 0.23
00 59 54.9 -33 36 14 20.204 0.085 19.425 0.054 5883 2.59 1.53 -1.67 0.30            +0.82 0.40 -0.44 0.62           
00 59 55.1 -33 39 60 20.061 0.074 18.868 0.044 4870 2.09 1.65 -1.19 0.16            -0.21 0.35 +0.08 0.34 -0.07 0.33
00 59 55.7 -33 46 40 17.449 0.022 15.816 0.018 4308 0.65 1.99 -2.05 0.14 +0.41 0.17 +0.06 0.19 +0.09 0.10 +0.02 0.11
00 59 55.7 -33 48 01 18.909 0.033 17.658 0.025 4695 1.57 1.77 -1.36 0.14 +0.21 0.22 -0.19 0.21 +0.14 0.16 -0.12 0.14
00 59 55.9 -33 45 43 18.526 0.030 17.160 0.026 4650 1.30 1.83 -1.14 0.14 -0.17 0.21 -0.33 0.20 -0.08 0.12 -0.33 0.12
00 59 56.2 -33 46 28 19.985 0.073 18.875 0.049 5041 2.15 1.63 -1.40 0.15 +0.51 0.35 -0.40 0.37 -0.08 0.21 -0.07 0.29
00 59 56.3 -33 40 31 18.523 0.032 17.129 0.025 4502 1.27 1.84 -2.12 0.14 +0.43 0.47 +0.43 0.23 -0.05 0.14 +0.16 0.15
00 59 56.4 -33 44 49 18.597 0.036 17.245 0.029 4589 1.34 1.82 -2.11 0.15 +0.31 0.97 +0.03 0.32 +0.08 0.21 -0.35 0.34
00 59 56.7 -33 46 43 18.284 0.027 16.851 0.022 4509 1.14 1.87 -1.22 0.14 -0.01 0.18 -0.31 0.20 -0.20 0.11 -0.15 0.11
00 59 56.7 -33 38 31 18.955 0.036 17.643 0.033 4700 1.52 1.78 -1.29 0.14 -0.33 0.53 -0.75 0.57 -0.29 0.17 -0.47 0.16
00 59 56.8 -33 39 28 19.093 0.040 17.724 0.032 4590 1.53 1.78 -1.37 0.15 +0.03 0.35 -0.63 0.46 -0.16 0.19 -0.02 0.16
00 59 57.0 -33 44 17 18.519 0.035 17.024 0.028 4415 1.17 1.86 -1.07 0.14 -0.09 0.26 -0.08 0.21 -0.01 0.19 -0.13 0.12
00 59 57.2 -33 38 37 19.462 0.038 18.293 0.032 4851 1.88 1.70 -1.88 0.21            -0.18 0.77 +0.23 0.54 +0.41 0.58
00 59 57.3 -33 40 32 19.489 0.047 18.202 0.033 4670 1.76 1.73 -1.70 0.15 -0.08 1.08 +0.30 0.24 -0.36 0.26 +0.12 0.21
00 59 57.5 -33 46 28 19.345 0.040 18.200 0.031 5059 1.85 1.70 -2.36 0.26 +0.15 3.22 -0.04 1.05 +0.65 0.45           
00 59 57.6 -33 38 32 18.176 0.024 16.651 0.026 4405 1.01 1.90 -1.56 0.14 +0.30 0.17 -0.07 0.21 +0.05 0.14 -0.01 0.11
00 59 57.8 -33 35 41 20.594 0.096 19.417 0.058 4855 2.33 1.59 -1.66 0.20            +0.14 0.50 +0.03 0.44 -0.42 1.21
00 59 57.9 -33 43 21 18.748 0.044 17.367 0.027 4522 1.37 1.82 -1.59 0.14 +0.42 0.32 -0.00 0.25 -0.10 0.22 +0.04 0.14
00 59 58.1 -33 43 14 19.092 0.047 17.741 0.033 4591 1.54 1.78 -1.40 0.15 +0.48 0.32 -0.22 0.33 +0.10 0.45 +0.17 0.17
00 59 58.2 -33 45 50 17.937 0.025 16.339 0.028 4343 0.85 1.94 -1.47 0.14 +0.16 0.15 -0.08 0.22 +0.01 0.10 -0.01 0.11
00 59 58.2 -33 40 30 19.570 0.056 18.425 0.045 4969 1.95 1.68 -1.65 0.16 +0.60 0.45 -0.11 0.35 +0.01 0.25 +0.24 0.41
00 59 58.3 -33 41 08 17.905 0.030 16.297 0.020 4347 0.83 1.95 -1.24 0.14 -0.03 0.17 -0.16 0.20 -0.19 0.13 -0.12 0.11
00 59 58.8 -33 43 21 20.078 0.083 18.876 0.043 4781 2.09 1.65 -1.01 0.17            +0.18 0.35 +0.15 0.49           
00 59 58.9 -33 43 41 19.663 0.080 18.417 0.041 4750 1.87 1.70 -1.83 0.18 -0.07 2.02            -0.64 1.14 +0.16 0.11
00 59 58.9 -33 38 36 20.159 0.088 19.057 0.046 5139 2.22 1.62 -1.59 0.20 +0.68 0.75 -0.16 0.54 +0.05 0.35           
00 59 59.0 -33 43 26 19.219 0.044 17.864 0.031 4567 1.59 1.77 -1.43 0.15 +0.28 0.53 -0.34 0.35 -0.36 0.31 -0.24 0.20
00 59 59.1 -33 36 45 18.048 0.027 16.644 0.021 4563 1.09 1.89 -2.61 0.16            +0.37 0.37 +0.50 0.19 +0.62 0.18
00 59 59.6 -33 39 32 18.243 0.029 16.779 0.026 4493 1.10 1.88 -1.22 0.14 +0.08 0.19 -0.26 0.20 -0.06 0.14 -0.14 0.11
00 59 59.7 -33 42 37 19.589 0.047 18.402 0.034 4846 1.91 1.69 -1.81 0.17 +0.24 0.84            +0.22 0.28 +0.08 0.33
00 59 60.0 -33 40 35 20.361 0.097 19.485 0.077 5595 2.55 1.54 -1.30 0.27 +0.83 0.65            -0.16 0.68           
00 59 60.0 -33 50 54 18.937 0.041 17.711 0.025 4827 1.61 1.76 -2.59 0.17            -0.04 0.78 +0.47 0.22 +0.20 0.47
01 00 00.0 -33 45 29 18.533 0.033 17.249 0.025 4668 1.39 1.81 -2.57 0.19            +0.13 0.67 +0.55 0.32 +0.53 0.29
01 00 00.1 -33 37 28 18.768 0.040 17.433 0.025 4690 1.42 1.81 -1.07 0.14 -0.09 0.20 -0.25 0.20 -0.20 0.13 -0.24 0.13
01 00 00.1 -33 38 34 17.541 0.023 15.750 0.024 4124 0.52 2.02 -1.32 0.14 -0.08 0.18 -0.12 0.20 -0.01 0.12 -0.33 0.11
01 00 00.1 -33 40 57 19.015 0.052 17.673 0.025 4617 1.51 1.78 -1.32 0.14 +0.09 0.33 -0.17 0.22 +0.02 0.20 -0.39 0.17
01 00 00.2 -33 44 48 17.756 0.026 16.179 0.027 4316 0.81 1.95 -1.97 0.14 +0.32 0.32 +0.15 0.21 +0.24 0.17 -0.04 0.12
01 00 00.6 -33 41 36 18.118 0.029 16.552 0.022 4372 0.95 1.92 -1.19 0.14 +0.01 0.19 -0.33 0.21 -0.12 0.13 -0.06 0.11
01 00 00.8 -33 38 28 18.693 0.032 17.313 0.026 4547 1.35 1.82 -1.63 0.14 +0.51 0.37 +0.14 0.25 -0.07 0.23 -0.20 0.19
01 00 01.0 -33 41 36 18.454 0.031 17.060 0.028 4534 1.25 1.85 -1.80 0.14 +0.39 0.29 +0.02 0.22 +0.20 0.16 -0.07 0.14
01 00 01.0 -33 48 09 19.098 0.038 17.842 0.039 4719 1.64 1.76 -1.59 0.16 +0.43 0.53 -0.30 0.39 -0.46 0.41 +0.13 0.22
01 00 01.3 -33 47 34 19.091 0.040 17.707 0.029 4612 1.51 1.79 -0.93 0.14 -0.03 0.17 -0.25 0.20 -0.07 0.13 -0.13 0.12
01 00 01.5 -33 51 16 17.939 0.027 16.567 0.020 4608 1.07 1.89 -1.80 0.14 +0.05 0.32 -0.21 0.22 +0.05 0.17 -0.13 0.12
01 00 01.5 -33 39 50 18.049 0.025 16.448 0.028 4324 0.90 1.93 -1.05 0.14 -0.18 0.16 -0.33 0.20 +0.16 0.12 -0.03 0.11
01 00 01.9 -33 47 12 18.455 0.026 17.007 0.025 4509 1.19 1.86 -1.22 0.14 -0.10 0.19 -0.15 0.20 -0.18 0.11 -0.14 0.12
01 00 02.0 -33 50 23 19.226 0.041 17.919 0.034 4643 1.63 1.76 -1.20 0.14 -0.20 0.34 -0.23 0.23 -0.12 0.20 -0.17 0.14
01 00 02.2 -33 39 17 18.572 0.032 17.259 0.024 4667 1.38 1.82 -1.50 0.14            -0.15 0.22 -0.06 0.15 -0.10 0.14
01 00 02.2 -33 40 21 18.272 0.028 16.779 0.027 4424 1.08 1.89 -1.32 0.14 -0.92 1.26 -0.40 0.25 -0.03 0.25 +0.00 0.14
01 00 02.3 -33 38 52 17.863 0.023 16.130 0.021 4184 0.70 1.98 -1.20 0.14 -0.02 0.19 -0.03 0.21 +0.13 0.23 -0.05 0.11
01 00 02.4 -33 40 20 17.560 0.025 15.981 0.025 4308 0.74 1.97 -2.56 0.14 +0.24 0.65 +0.40 0.21 +0.20 0.13 -0.03 0.13
01 00 02.5 -33 41 16 18.642 0.033 17.188 0.031 4499 1.26 1.84 -1.29 0.14 -0.82 0.78 -0.20 0.21 -0.09 0.16 -0.20 0.12
01 00 02.6 -33 48 50 17.866 0.022 16.358 0.027 4408 0.91 1.93 -2.20 0.14 +0.14 0.51 +0.05 0.21 +0.18 0.11 +0.13 0.12
01 00 02.9 -33 44 59 19.138 0.038 17.757 0.030 4558 1.53 1.78 -1.26 0.14            -0.17 0.25 +0.46 0.30 -0.14 0.15
01 00 03.4 -33 46 45 18.812 0.039 17.564 0.032 4841 1.54 1.78 -2.01 0.17            -0.37 0.80 +0.08 0.33 -0.43 0.84
01 00 03.6 -33 39 27 17.856 0.021 16.233 0.025 4331 0.80 1.95 -1.26 0.14 -0.46 0.51 -0.38 0.22 -0.09 0.17 -0.21 0.12
01 00 03.7 -33 38 15 18.999 0.031 17.746 0.026 4744 1.60 1.76 -2.66 0.16 +0.53 1.46 +0.45 0.40 +0.14 0.21 +0.42 0.36
01 00 03.9 -33 41 39 19.802 0.080 18.586 0.044 4787 1.96 1.68 -1.29 0.16 +0.15 0.57            -0.27 0.26 -0.62 0.43
01 00 04.2 -33 43 32 18.277 0.029 16.889 0.031 4555 1.18 1.86 -2.15 0.14            -0.03 0.32 -0.26 0.18 +0.05 0.17
01 00 04.2 -33 52 22 17.613 0.017 16.098 0.018 4385 0.82 1.95 -2.54 0.14            +0.28 0.24 +0.12 0.17 +0.06 0.13
01 00 04.7 -33 33 57 19.820 0.056 18.638 0.044 4871 2.01 1.67 -2.57 0.31            +0.62 0.46 +0.26 0.47           
01 00 04.8 -33 49 33 18.160 0.024 16.718 0.022 4496 1.09 1.89 -1.37 0.14 -0.14 0.20 -0.31 0.20 -0.19 0.11 -0.14 0.11
01 00 05.0 -33 44 19 19.377 0.060 18.131 0.042 4783 1.76 1.73 -1.41 0.15 +0.06 0.41 -0.11 0.25 -0.36 0.31 -0.23 0.25
01 00 05.2 -33 48 19 20.007 0.069 18.836 0.053 4889 2.09 1.65 -1.87 0.28                       +0.70 0.97 +0.65 0.46
01 00 05.3 -33 37 39 19.223 0.046 17.942 0.027 4696 1.66 1.75 -1.24 0.15            +0.10 0.27 -0.38 0.33 +0.02 0.20
01 00 05.5 -33 37 57 18.926 0.037 17.630 0.029 4686 1.53 1.78 -0.92 0.14 +0.32 0.28 -0.27 0.25 +0.18 0.21 -0.36 0.18
01 00 05.7 -33 51 52 20.255 0.075 19.162 0.052 5186 2.27 1.60 -1.57 0.21 +0.32 1.86 -0.06 0.57 -0.30 0.52 +0.84 0.30
01 00 05.9 -33 45 56 18.171 0.032 16.715 0.027 4486 1.09 1.88 -2.18 0.14 +0.12 0.85 +0.12 0.27 +0.31 0.24 -0.04 0.19
01 00 06.0 -33 48 09 18.722 0.026 17.406 0.027 4609 1.43 1.80 -1.85 0.14 +0.03 0.49 +0.09 0.22 +0.07 0.12 +0.16 0.13
01 00 06.1 -33 43 35 19.110 0.054 17.742 0.032 4642 1.53 1.78 -1.17 0.14            -0.19 0.25 -0.18 0.17 -0.33 0.17
01 00 06.2 -33 42 39 19.112 0.049 17.804 0.037 4656 1.59 1.77 -1.20 0.14 -0.09 0.34 -0.41 0.24 -0.32 0.23 -0.15 0.15
01 00 06.2 -33 40 13 20.133 0.088 19.032 0.063 4977 2.21 1.62 -1.36 0.24            +0.92 0.45 +0.23 0.82 +0.14 0.59
01 00 06.3 -33 44 58 18.644 0.035 17.220 0.026 4575 1.29 1.84 -1.33 0.14 +0.03 0.23 -0.17 0.21 -0.10 0.16 -0.20 0.13
01 00 06.4 -33 46 26 19.093 0.033 17.886 0.042 4795 1.69 1.74 -1.90 0.20 +0.67 0.79            -0.29 0.52 -0.86 2.27
01 00 06.7 -33 40 27 18.919 0.034 17.626 0.039 4638 1.53 1.78 -1.35 0.14 -0.91 1.59 -0.32 0.24 +0.05 0.14 -0.26 0.14
01 00 06.7 -33 39 26 18.896 0.035 17.644 0.025 4757 1.57 1.77 -1.73 0.15            +0.32 0.26 +0.55 0.25 +0.15 0.24
01 00 06.8 -33 43 05 19.498 0.061 18.248 0.040 4793 1.80 1.72 -1.02 0.15            -0.45 0.27 -0.05 0.23 -0.29 0.19
01 00 06.9 -33 43 45 18.988 0.042 17.697 0.034 4662 1.56 1.77 -1.70 0.14            +0.09 0.24 -0.05 0.22 +0.11 0.16
01 00 07.0 -33 47 09 18.038 0.027 16.568 0.027 4495 1.01 1.90 -1.76 0.14 -0.46 1.14 -0.24 0.34 +0.27 0.22 +0.07 0.15
01 00 07.0 -33 36 44 18.417 0.025 17.043 0.024 4577 1.25 1.85 -1.15 0.14 -0.06 0.23 -0.35 0.21 +0.09 0.20 -0.03 0.11
01 00 07.0 -33 48 25 19.198 0.044 17.940 0.034 4692 1.67 1.75 -1.43 0.14 -0.35 0.89 -0.04 0.24 -0.21 0.16 -0.04 0.16
01 00 07.1 -33 33 23 18.498 0.018 17.132 0.015 4600 1.29 1.84 -1.24 0.14 -0.09 0.24 -0.29 0.21 -0.13 0.17 -0.22 0.13
01 00 07.1 -33 40 46 18.639 0.033 17.237 0.028 4502 1.31 1.83 -1.34 0.14 +0.31 0.32 -0.70 0.34 +0.01 0.27 -0.07 0.14
01 00 07.2 -33 34 56 19.379 0.041 18.255 0.026 4946 1.89 1.70 -2.10 0.19            +0.33 0.30            -0.01 0.60
01 00 07.3 -33 43 36 19.302 0.047 18.087 0.035 4814 1.76 1.73 -1.86 0.16            +0.32 0.31 -0.17 0.23 +0.36 0.22
01 00 07.3 -33 48 17 18.565 0.028 17.268 0.032 4757 1.39 1.81 -1.12 0.14 -0.08 0.23 -0.25 0.20 +0.01 0.12 -0.29 0.13
01 00 07.3 -33 51 13 19.479 0.047 18.325 0.041 4899 1.90 1.69 -2.04 0.16 +0.42 0.65            +0.16 0.39 +0.29 0.30
01 00 07.4 -33 45 57 17.864 0.029 16.278 0.027 4364 0.85 1.94 -1.78 0.14 +0.40 0.30 -0.22 0.25 +0.08 0.16 +0.02 0.12
01 00 07.4 -33 43 20 17.826 0.027 16.281 0.027 4426 0.86 1.94 -1.79 0.14 +0.32 0.22 -0.26 0.22 +0.11 0.13 -0.24 0.11
01 00 07.6 -33 40 52 18.934 0.038 17.639 0.031 4731 1.53 1.78 -1.16 0.14 -0.33 0.29 -0.49 0.24 -0.20 0.15 -0.42 0.15
01 00 07.6 -33 37 04 17.788 0.019 16.159 0.027 4328 0.77 1.96 -1.66 0.14 -0.09 0.25 +0.03 0.20 +0.09 0.15 -0.07 0.11
01 00 07.8 -33 43 45 19.277 0.049 18.137 0.034 4957 1.83 1.71 -1.64 0.15 +0.35 0.39 -0.03 0.28 +0.34 0.26           
01 00 08.1 -33 42 02 19.079 0.040 17.732 0.037 4613 1.54 1.78 -1.16 0.15            -0.28 0.32 -0.09 0.34 -0.29 0.21
01 00 08.5 -33 42 04 18.918 0.038 17.518 0.030 4586 1.42 1.81 -1.13 0.14 -0.19 0.27 -0.47 0.22 -0.15 0.15 -0.22 0.13
01 00 08.5 -33 41 20 19.151 0.036 17.933 0.033 4816 1.70 1.74 -1.91 0.18            -0.75 1.92 +0.09 0.41 +0.15 0.35
01 00 08.7 -33 45 20 20.238 0.105 19.198 0.068 5177 2.32 1.59 -2.42 0.43            +0.54 1.16 +0.94 0.54           
01 00 08.8 -33 37 10 20.219 0.090 19.193 0.055 5271 2.33 1.59 -2.18 0.34            +0.16 0.83 +0.59 0.47           
01 00 08.8 -33 46 25 18.702 0.045 17.387 0.030 4684 1.42 1.81 -1.89 0.15 +0.32 0.68 -0.16 0.36 +0.04 0.25 -0.08 0.25
01 00 08.9 -33 48 29 19.389 0.048 18.228 0.034 4938 1.85 1.70 -1.38 0.18 +0.58 0.60 -0.22 0.41 -0.29 0.57 -0.23 0.40
01 00 09.0 -33 50 23 17.698 0.023 16.184 0.028 4350 0.85 1.94 -1.94 0.14 -0.30 0.78 +1.02 0.65 +0.04 0.13 -0.04 0.11
01 00 09.2 -33 36 09 18.138 0.020 16.631 0.016 4411 1.02 1.90 -1.33 0.14 -0.07 0.16 -0.32 0.20 -0.08 0.15 -0.12 0.11
01 00 09.4 -33 42 24 18.508 0.033 17.217 0.033 4718 1.38 1.82 -1.97 0.14 +0.35 0.45 -0.06 0.26 +0.10 0.19 +0.20 0.16
01 00 09.6 -33 41 57 19.511 0.071 18.277 0.042 4758 1.82 1.71 -1.55 0.17 -0.81 5.91 +0.11 0.36 -0.04 0.47 -0.01 0.37
01 00 09.7 -33 39 03 19.612 0.062 18.514 0.046 4985 2.01 1.67 -1.68 0.16            -0.25 0.47 +0.27 0.25 +0.13 0.18
01 00 09.8 -33 33 50 19.710 0.040 18.441 0.025 4731 1.87 1.70 -1.91 0.16            +0.23 0.31 -0.14 0.25           
01 00 09.8 -33 43 44 18.380 0.028 16.954 0.033 4455 1.19 1.86 -0.98 0.14 -0.56 0.23 -0.67 0.23 -0.11 0.17 -0.47 0.11
01 00 10.0 -33 43 55 19.130 0.041 17.967 0.032 4895 1.75 1.73 -1.20 0.15 -0.29 0.83 -0.36 0.31 -0.03 0.20 -0.23 0.26
01 00 10.1 -33 44 35 19.263 0.048 17.977 0.030 4636 1.67 1.75 -2.27 0.17                       -0.11 0.34 -0.24 0.49
01 00 10.2 -33 42 40 19.810 0.058 18.683 0.041 4888 2.06 1.66 -1.13 0.18            -0.01 0.35 -0.74 0.48 -0.59 0.61
01 00 10.4 -33 41 04 18.282 0.028 16.825 0.026 4455 1.12 1.88 -1.37 0.14 -0.09 0.24 -0.08 0.20 -0.11 0.11 +0.02 0.11
01 00 10.5 -33 38 04 19.834 0.062 18.792 0.052 5155 2.16 1.63 -2.24 0.27            +0.84 0.45 +0.54 0.44 +0.87 0.20
01 00 10.5 -33 49 37 18.019 0.019 16.505 0.029 4003 0.96 1.91 -1.67 0.15 +0.27 0.19 +0.40 0.20 -0.32 0.12 -0.53 0.10
01 00 10.6 -33 38 15 20.328 0.090 19.296 0.055 5115 2.37 1.58 -1.87 0.14                       -0.37 0.93           
01 00 10.8 -33 35 06 19.207 0.032 18.032 0.022 4839 1.77 1.72 -2.09 0.17 +1.04 0.36 +0.02 0.35 +0.37 0.24           
01 00 10.8 -33 32 42 20.252 0.065 19.359 0.054 5472 2.48 1.55 -1.24 0.23            +0.00 0.41            +0.33 0.49
01 00 11.2 -33 38 03 20.217 0.097 19.448 0.064 5779 2.60 1.53 -1.46 0.43            +0.34 0.87 +0.47 0.78           
01 00 11.3 -33 39 36 18.330 0.028 16.992 0.027 4638 1.26 1.85 -2.76 0.18                       +0.07 0.29 +0.38 0.39
01 00 11.3 -33 44 59 20.232 0.108 18.991 0.058 4832 2.12 1.64 -1.56 0.19 -0.09 1.35 -0.15 0.47 -0.34 0.64 -0.35 0.64
01 00 11.5 -33 40 37 20.279 0.108 19.147 0.070 5028 2.24 1.61 -1.09 0.16 +0.54 0.52            +0.06 0.28 -0.47 0.44
01 00 11.7 -33 41 11 19.704 0.061 18.445 0.034 4766 1.88 1.70 -1.18 0.14 -0.57 2.45 -0.72 0.35 -0.46 0.18 -0.45 0.23
01 00 12.1 -33 37 26 17.477 0.016 15.615 0.020 4167 0.51 2.02 -1.66 0.14 +0.20 0.14 -0.17 0.19 -0.13 0.13 +0.01 0.10
01 00 12.5 -33 43 01 18.403 0.032 16.897 0.031 4390 1.12 1.88 -1.88 0.14 -0.53 2.50 -0.41 0.48 +0.34 0.27 +0.08 0.18
01 00 12.5 -33 49 01 19.457 0.044 18.244 0.036 4914 1.82 1.71 -1.99 0.25 +0.76 0.90 -0.05 0.86            +0.40 0.43
01 00 12.7 -33 48 43 19.258 0.047 18.073 0.032 4824 1.78 1.72 -1.79 0.19 +0.85 0.57 -0.08 0.40 +0.12 0.46 -0.17 0.44
01 00 12.8 -33 41 16 17.499 0.023 15.833 0.030 4271 0.63 1.99 -1.79 0.14 +0.27 0.42 -0.22 0.22 +0.24 0.18 -0.13 0.11
01 00 12.9 -33 37 28 19.616 0.061 18.422 0.040 4803 1.91 1.69 -1.79 0.17 +0.51 0.46 +0.00 0.35 -0.15 0.33 +0.23 0.26
01 00 13.1 -33 47 15 19.235 0.052 17.966 0.034 4632 1.68 1.75 -2.03 0.16 +0.71 0.36            +0.97 0.37 +0.19 0.23
01 00 13.4 -33 45 58 19.132 0.033 17.824 0.033 4661 1.60 1.76 -1.21 0.14 -0.13 0.57 -0.33 0.29 -0.14 0.20 -0.46 0.20
01 00 13.4 -33 43 21 19.402 0.044 18.255 0.034 4994 1.88 1.70 -2.01 0.19            -0.46 0.92 -0.08 0.36 +0.11 0.50
01 00 13.6 -33 46 03 19.876 0.081 18.781 0.050 4988 2.12 1.64 -1.39 0.20                       +0.60 0.41 +0.28 0.36
01 00 13.8 -33 46 12 18.959 0.045 17.788 0.033 5010 1.67 1.75 -2.10 0.20 +0.06 1.66 +0.01 0.72            +0.15 0.52
01 00 13.9 -33 41 22 20.229 0.096 19.061 0.063 4903 2.19 1.62 -1.27 0.16 +0.17 0.59 -0.45 0.45 -0.17 0.26 +0.08 0.27
01 00 13.9 -33 42 41 19.494 0.059 18.356 0.040 4999 1.92 1.69 -1.37 0.20            +0.41 0.39 +0.21 0.74 -0.09 0.55
01 00 13.9 -33 36 39 18.042 0.019 16.494 0.016 4385 0.94 1.92 -1.23 0.14 -0.06 0.24 -0.32 0.20 -0.14 0.17 -0.03 0.11
01 00 14.0 -33 46 60 19.055 0.033 17.755 0.033 4645 1.57 1.77 -1.00 0.15 +0.70 0.23 -0.29 0.27 -0.01 0.45 -0.04 0.16
01 00 14.4 -33 41 47 18.916 0.037 17.593 0.030 4571 1.49 1.79 -1.39 0.14 -0.43 0.68 +0.06 0.23 -0.47 0.15 -0.52 0.17
01 00 14.5 -33 47 50 18.145 0.024 16.849 0.026 4180 1.23 1.85 -3.01 0.32 +0.57 1.84            +0.29 0.31 +0.08 0.25
01 00 14.6 -33 47 11 18.175 0.027 16.744 0.030 4529 1.10 1.88 -1.58 0.14 -0.04 0.36            +0.13 0.20 -0.17 0.16
01 00 14.7 -33 39 58 18.001 0.027 16.337 0.028 4262 0.82 1.95 -1.14 0.14 +0.11 0.24 -0.05 0.23 +0.09 0.15 -0.15 0.11
01 00 14.8 -33 36 50 18.128 0.026 16.682 0.021 4462 1.07 1.89 -1.42 0.14 -0.02 0.19 -0.02 0.19 -0.22 0.15 -0.02 0.11
01 00 15.1 -33 33 52 20.322 0.086 19.584 0.065 6113 2.68 1.51 -1.79 0.41                       +0.67 0.53 +0.92 0.69
01 00 15.1 -33 35 28 20.141 0.093 18.948 0.047 4842 2.13 1.64 -2.19 0.21 +0.45 1.51 +0.31 0.49 +0.24 0.47           
01 00 15.4 -33 39 06 17.558 0.017 15.840 0.025 4239 0.60 2.00 -1.47 0.14 -0.16 0.27 -0.15 0.20 -0.21 0.12 -0.22 0.12
01 00 16.2 -33 32 38 18.764 0.022 17.481 0.016 4678 1.48 1.79 -2.49 0.16 +0.91 0.48 +0.49 0.30 +0.07 0.19 -0.02 0.41
01 00 16.3 -33 42 37 17.371 0.025 15.525 0.028 4147 0.52 2.02 -0.84 0.14                       -0.30 0.23 -0.47 0.11
01 00 16.6 -33 48 39 20.321 0.095 19.077 0.051 4824 2.15 1.63 -1.87 0.35                                            
01 00 17.0 -33 42 47 19.047 0.045 17.844 0.036 4838 1.68 1.75 -2.68 0.26            +0.26 0.95 +0.67 0.43 -0.24 2.62
01 00 17.1 -33 45 14 18.352 0.030 17.113 0.027 4692 1.36 1.82 -1.97 0.15            +0.58 0.23 +0.90 0.65 +0.10 0.19
01 00 17.1 -33 42 04 19.277 0.049 18.071 0.030 4859 1.76 1.72 -0.97 0.14            -0.21 0.22 -0.15 0.15 -0.32 0.17
01 00 17.3 -33 41 08 17.980 0.024 16.325 0.029 4155 0.82 1.95 -1.14 0.14 +0.20 0.17 -0.12 0.22 -0.11 0.14 -0.40 0.11
01 00 17.4 -33 43 59 18.147 0.029 16.692 0.030 4447 1.07 1.89 -2.23 0.15 -0.47 3.44            +0.25 0.22 +0.06 0.18
01 00 17.5 -33 43 08 18.863 0.037 17.464 0.034 4601 1.40 1.81 -1.20 0.14 -0.30 0.35 -0.27 0.21 -0.05 0.13 -0.21 0.13
01 00 17.5 -33 44 51 20.372 0.085 19.450 0.069 5256 2.50 1.55 -1.13 0.24            +0.04 0.44 -0.86 0.96 -0.47 1.35
01 00 17.5 -33 39 02 19.020 0.029 17.713 0.028 4658 1.55 1.78 -1.67 0.15 +0.21 0.53 -0.41 0.47 +0.21 0.18 +0.39 0.18
01 00 17.6 -33 46 55 18.276 0.030 16.821 0.027 4560 1.13 1.88 -1.85 0.14 +0.34 0.46 +0.68 0.39 +0.46 0.19 +0.17 0.13
01 00 17.6 -33 44 11 18.561 0.034 17.122 0.033 4499 1.24 1.85 -1.35 0.14            -0.01 0.23 +0.13 0.31 +0.07 0.13
01 00 17.8 -33 35 60 17.582 0.016 15.791 0.014 3901 0.54 2.02 -1.33 0.14 +0.05 0.14 +0.19 0.21 -0.27 0.18 -0.41 0.11
01 00 17.8 -33 41 34 18.341 0.030 16.839 0.027 4435 1.10 1.88 -1.23 0.14 +0.05 0.19 -0.11 0.20 -0.21 0.12 -0.13 0.11
01 00 17.8 -33 41 15 18.940 0.046 17.561 0.025 4565 1.45 1.80 -1.28 0.14 -0.00 0.43 -0.30 0.28 -0.17 0.19 -0.26 0.17
01 00 18.2 -33 45 49 19.869 0.065 18.688 0.045 4921 2.03 1.66 -1.16 0.17            -0.16 0.39 +0.28 0.34 -0.32 0.39
01 00 18.2 -33 45 53 19.439 0.057 18.334 0.042 5061 1.93 1.68 -2.39 0.28            +0.36 0.59 -0.08 0.74 +0.88 0.42
01 00 18.2 -33 47 08 19.155 0.034 17.944 0.029 4826 1.71 1.74 -0.91 0.15 -0.22 0.37 -0.54 0.27 +0.36 0.44 -0.31 0.21
01 00 18.3 -33 42 12 17.744 0.028 16.139 0.027 4313 0.78 1.96 -1.81 0.15 +0.36 0.61 +0.05 0.32 +0.39 0.32 +0.25 0.16
01 00 18.4 -33 35 24 19.038 0.029 17.742 0.021 4692 1.57 1.77 -1.40 0.14            -0.33 0.27 -0.29 0.16 -0.18 0.16
01 00 18.8 -33 37 58 18.536 0.032 17.125 0.026 4500 1.26 1.84 -1.56 0.14 -0.22 0.64 -0.02 0.21 +0.08 0.18 -0.02 0.13
01 00 19.0 -33 45 15 17.841 0.023 16.410 0.025 4414 0.98 1.91 -1.98 0.14 +0.34 0.27 +0.47 0.23            +0.01 0.13
01 00 19.1 -33 39 33 19.674 0.049 18.500 0.043 4899 1.96 1.68 -1.91 0.20 +0.49 1.08 +0.49 0.40 +0.64 0.30           
01 00 19.1 -33 40 07 18.725 0.033 17.462 0.033 4757 1.49 1.79 -1.50 0.14 -0.32 0.88 -0.02 0.26 -0.22 0.17 +0.22 0.17
01 00 19.3 -33 37 12 18.438 0.025 17.156 0.019 4693 1.36 1.82 -2.52 0.15 -0.46 6.05            +0.35 0.19 -0.31 0.71
01 00 19.6 -33 35 25 19.483 0.056 18.246 0.027 4831 1.81 1.71 -1.13 0.14 +0.02 0.43 -0.30 0.25 -0.59 0.28 -0.32 0.20
01 00 19.6 -33 47 41 18.419 0.032 16.897 0.027 4427 1.11 1.88 -1.41 0.14 -0.16 0.34 -0.24 0.25            +0.03 0.13
01 00 19.7 -33 40 08 19.220 0.040 17.867 0.038 4599 1.59 1.77 -1.24 0.15 -0.28 0.54 -0.45 0.39 -0.03 0.23 -0.22 0.20
01 00 19.7 -33 40 44 19.918 0.076 18.916 0.045 5205 2.23 1.61 -1.14 0.19            -0.55 0.80 -0.39 0.45 -0.62 1.15
01 00 19.8 -33 46 03 19.420 0.052 18.141 0.035 4721 1.74 1.73 -1.85 0.17 +0.43 0.55 +0.44 0.29 +0.15 0.40 -0.03 0.31
01 00 19.8 -33 47 10 18.679 0.044 17.431 0.028 4736 1.49 1.79 -1.45 0.15 -0.30 7.13 -0.11 0.34 -0.12 0.32 +0.08 0.19
01 00 19.9 -33 44 24 19.922 0.073 18.772 0.043 4794 2.08 1.65 -1.21 0.17 -0.07 0.87 -0.04 0.35 +0.22 0.40           
01 00 20.0 -33 45 45 18.399 0.027 16.905 0.031 4411 1.13 1.88 -1.10 0.14 -0.07 0.18 -0.23 0.27            -0.30 0.13
01 00 20.0 -33 41 40 18.889 0.040 17.618 0.032 4692 1.54 1.78 -1.74 0.15            -0.09 0.36 +0.13 0.23 +0.28 0.22
01 00 20.2 -33 39 44 19.856 0.070 18.603 0.040 4750 1.95 1.68 -2.06 0.19 +1.03 0.69            +0.90 0.38 +0.47 0.38
01 00 20.6 -33 46 08 19.955 0.079 18.856 0.040 5102 2.15 1.63 -0.93 0.22                       -0.59 0.79 +0.62 0.33
01 00 20.7 -33 37 18 19.821 0.058 18.782 0.039 5041 2.15 1.63 -1.76 0.18            -0.10 0.51 +0.87 0.39 +0.26 0.36
01 00 20.7 -33 47 11 17.731 0.029 16.068 0.024 4402 0.73 1.97 -1.55 0.14 +0.23 0.43 -0.23 0.22 +0.12 0.19 -0.01 0.12
01 00 21.1 -33 33 46 18.270 0.017 16.794 0.014 4455 1.10 1.88 -1.26 0.14 +0.19 0.18 -0.21 0.20 -0.27 0.11 -0.14 0.11
01 00 21.1 -33 45 26 19.503 0.054 18.306 0.042 4833 1.86 1.70 -1.93 0.22 -0.16 3.83 +0.27 0.47 -0.36 0.67 -0.28 0.89
01 00 21.6 -33 47 14 20.175 0.076 19.069 0.055 5007 2.23 1.62 -0.91 0.18 -0.23 0.80 -0.21 0.40 +0.74 0.94           
01 00 22.4 -33 38 08 19.391 0.048 18.197 0.033 4832 1.82 1.71 -2.38 0.19 +0.94 0.57            +0.30 0.26 +0.10 0.69
01 00 23.0 -33 43 02 17.777 0.025 15.982 0.024 4063 0.61 2.00 -1.25 0.14 +0.03 0.22 +0.08 0.24 +0.18 0.16 -0.25 0.11
01 00 23.0 -33 47 23 19.495 0.053 18.266 0.037 4755 1.82 1.71 -1.61 0.20 +0.73 0.70 -0.01 0.52 -0.52 0.64 -0.50 0.78
01 00 23.1 -33 48 09 18.950 0.036 17.633 0.024 4664 1.51 1.78 -1.23 0.15 -0.10 0.58 -0.44 0.33 -0.16 0.33 +0.03 0.16
01 00 23.3 -33 44 17 19.280 0.046 18.071 0.036 4832 1.76 1.73 -1.58 0.16            -0.57 0.67 +0.26 0.30 +0.14 0.26
01 00 23.8 -33 42 18 17.560 0.025 15.830 0.026 4247 0.59 2.00 -1.62 0.14 +0.13 0.29 -0.23 0.21 +0.02 0.11 -0.04 0.11
01 00 24.2 -33 40 58 19.418 0.042 18.144 0.034 4671 1.75 1.73 -1.81 0.16 +0.86 0.52 +0.25 0.33 +0.01 0.26 -0.14 0.33
01 00 24.2 -33 48 47 20.292 0.109 19.518 0.086 5985 2.62 1.52 -0.39 0.34                       -0.35 1.83 +0.18 0.80
01 00 24.3 -33 36 55 19.240 0.042 17.965 0.031 4689 1.67 1.75 -1.66 0.14            -0.08 0.27 -0.18 0.24 -0.49 0.32
01 00 24.6 -33 44 29 17.928 0.031 16.470 0.026 4471 0.99 1.91 -2.03 0.14 +0.44 0.38 +0.06 0.25 +0.07 0.19 +0.00 0.14
01 00 25.0 -33 39 48 18.822 0.038 17.562 0.028 4744 1.53 1.78 -1.77 0.14            +0.35 0.21 +0.10 0.21 +0.22 0.16
01 00 25.1 -33 43 33 18.279 0.028 16.898 0.024 4406 1.19 1.86 -2.11 0.15 +0.49 0.34 +0.47 0.24 -0.60 0.28 -0.31 0.26
01 00 25.1 -33 44 45 20.123 0.106 18.946 0.047 4839 2.13 1.64 -1.69 0.30 +0.48 1.26 -0.01 1.25 -0.05 0.91           
01 00 25.2 -33 41 46 19.011 0.039 17.808 0.029 4834 1.66 1.75 -2.07 0.16 +0.81 0.59 -0.37 1.00 +0.00 0.24 +0.35 0.26
01 00 25.3 -33 46 38 18.979 0.035 17.656 0.030 4661 1.52 1.78 -1.39 0.15 -0.26 0.86 -0.33 0.30 -0.09 0.29 -0.04 0.19
01 00 26.0 -33 37 02 18.839 0.032 17.529 0.026 4621 1.48 1.79 -1.31 0.14 -0.19 0.36 -0.32 0.22 -0.12 0.15 -0.32 0.15
01 00 26.0 -33 42 40 18.870 0.036 17.624 0.029 4742 1.56 1.77 -2.22 0.17            +0.23 0.34 +0.29 0.30 +0.18 0.31
01 00 26.3 -33 47 12 18.354 0.030 16.925 0.021 4429 1.17 1.86 -1.72 0.15 +0.65 0.38 -0.03 0.29 -0.05 0.39 -0.18 0.16
01 00 26.7 -33 41 54 20.157 0.094 19.005 0.055 4939 2.17 1.63 -1.50 0.21 +0.70 0.53            +0.32 0.59 +0.18 0.42
01 00 27.0 -33 36 18 19.422 0.040 18.285 0.034 5038 1.89 1.69 -2.64 0.21 +0.04 4.31 +0.53 0.50 +0.15 0.26           
01 00 27.2 -33 49 10 19.415 0.048 18.271 0.037 4945 1.88 1.70 -1.21 0.19 +0.99 0.42            -0.48 0.61 -0.46 0.55
01 00 27.2 -33 39 46 18.699 0.055 17.346 0.047 4528 1.38 1.82 -1.68 0.14 +0.13 0.37 +0.06 0.23 +0.06 0.19 +0.04 0.13
01 00 27.2 -33 42 40 20.045 0.089 18.900 0.045 4890 2.14 1.64 -1.18 0.19 +0.40 0.74 -0.90 1.46 +0.29 0.42 -0.03 0.41
01 00 28.1 -33 42 34 17.845 0.023 16.279 0.024 4377 0.85 1.94 -1.58 0.14            +0.01 0.19 +0.02 0.12 -0.13 0.11
01 00 28.2 -33 44 32 18.412 0.026 17.007 0.022 4541 1.22 1.85 -1.20 0.14 -0.07 0.34 -0.17 0.22 -0.14 0.14 -0.12 0.13
01 00 28.4 -33 38 23 19.794 0.070 18.780 0.046 5066 2.17 1.63 -1.40 0.17 -0.09 0.81 -0.35 0.39 +0.03 0.28 -0.42 0.54
01 00 28.4 -33 47 41 18.392 0.026 17.046 0.026 4609 1.27 1.84 -2.43 0.16 -0.08 2.72 -0.06 0.72 +0.68 0.28 -0.31 0.71
01 00 28.5 -33 48 50 18.684 0.033 17.361 0.031 4605 1.41 1.81 -1.63 0.15            -0.09 0.28 +0.35 0.30 +0.03 0.18
01 00 28.8 -33 49 53 19.595 0.057 18.448 0.038 4972 1.95 1.68 -2.23 0.40            +0.47 0.80 +0.24 0.97 +0.14 1.41
01 00 28.8 -33 36 60 19.037 0.035 17.830 0.030 4869 1.67 1.75 -1.18 0.14 -0.26 0.41 -0.31 0.24 -0.16 0.15 -0.44 0.17
01 00 29.0 -33 40 31 19.399 0.048 18.166 0.033 4809 1.78 1.72 -1.18 0.14 -0.12 0.33 -0.33 0.25 -0.41 0.21 -0.25 0.18
01 00 29.0 -33 41 54 19.437 0.047 18.242 0.040 4824 1.84 1.71 -1.98 0.18 +0.77 0.43 +0.51 0.27 -0.08 0.33 +0.26 0.25
01 00 29.1 -33 46 48 20.044 0.089 18.875 0.052 4810 2.11 1.64 -1.07 0.22            -0.23 0.59 -0.05 0.95 +0.67 0.36
01 00 29.4 -33 42 45 20.406 0.094 19.661 0.082 5978 2.70 1.50 -2.22 0.85            +0.78 1.35                      
01 00 29.4 -33 42 56 17.863 0.023 16.221 0.024 4264 0.78 1.96 -1.33 0.14 +0.03 0.18 -0.37 0.22 -0.09 0.12 -0.06 0.11
01 00 29.6 -33 45 01 18.363 0.026 17.016 0.026 4521 1.26 1.84 -2.34 0.15            +0.75 0.25 +0.22 0.19 +0.38 0.19
01 00 29.9 -33 43 29 18.717 0.035 17.396 0.026 4660 1.42 1.81 -2.03 0.16 -0.63 5.37 -0.37 0.68 +0.43 0.19 -0.05 0.27
01 00 30.3 -33 40 56 20.152 0.082 19.116 0.054 5276 2.29 1.60 -1.13 0.18 -0.46 1.45 -0.41 0.41 -0.40 0.47           
01 00 30.5 -33 37 03 19.165 0.040 18.008 0.031 4972 1.77 1.72 -1.51 0.15            -0.45 0.38 -0.16 0.17 +0.17 0.20
01 00 30.7 -33 45 32 18.969 0.036 17.587 0.028 4553 1.46 1.80 -1.30 0.14            +0.01 0.25 +0.21 0.22 -0.26 0.17
01 00 30.8 -33 37 30 17.631 0.019 15.995 0.020 4275 0.71 1.98 -1.36 0.14 -0.06 0.17 -0.12 0.21 -0.22 0.14 -0.06 0.11
01 00 31.3 -33 45 06 19.557 0.067 18.230 0.042 4659 1.76 1.73 -1.36 0.15 -0.45 1.38 +0.04 0.29 -0.31 0.27 -0.29 0.26
01 00 31.6 -33 41 17 19.442 0.049 18.216 0.035 4892 1.80 1.72 -1.51 0.16            +0.07 0.25 +0.22 0.25 +0.17 0.21
01 00 31.7 -33 41 40 18.745 0.035 17.419 0.029 4618 1.43 1.81 -1.47 0.14 +0.34 0.28 -0.23 0.23 +0.84 1.28 -0.16 0.14
01 00 31.9 -33 38 00 18.315 0.027 16.978 0.023 4621 1.25 1.85 -2.60 0.15            +0.23 0.34 +0.18 0.15 -0.50 0.92
01 00 31.9 -33 41 02 19.016 0.044 17.731 0.030 4748 1.57 1.77 -1.55 0.14            +0.18 0.21 -0.07 0.17 -0.45 0.23
01 00 32.1 -33 44 18 17.568 0.020 15.876 0.024 4247 0.63 1.99 -1.57 0.14 +0.33 0.16 +0.06 0.20 +0.06 0.12 +0.12 0.11
01 00 32.2 -33 50 01 19.261 0.048 18.051 0.027 4846 1.75 1.73 -1.04 0.17 +0.56 0.48 -0.22 0.39 -0.71 0.43 -0.04 0.27
01 00 32.4 -33 43 01 19.346 0.048 18.122 0.032 4784 1.77 1.72 -1.76 0.16 +0.40 0.48 +0.23 0.26 +0.27 0.29 -0.04 0.27
01 00 32.5 -33 36 54 18.305 0.025 16.863 0.024 4448 1.14 1.87 -1.66 0.14 -0.47 0.59 -0.25 0.23 +0.03 0.12 -0.08 0.12
01 00 32.6 -33 43 11 20.131 0.074 18.948 0.046 4853 2.13 1.64 -1.26 0.20 +0.14 0.94 -0.61 0.91 -0.42 0.47 +0.10 0.24
01 00 32.9 -33 45 24 18.396 0.026 17.009 0.026 4544 1.23 1.85 -1.43 0.14 -0.08 0.73 -0.39 0.31 -0.16 0.18 -0.32 0.19
01 00 33.8 -33 44 54 17.998 0.022 16.518 0.024 4453 0.99 1.91 -1.83 0.14 +0.00 0.40 -0.14 0.24 +0.08 0.17 -0.09 0.12
01 00 33.9 -33 40 08 17.640 0.019 16.234 0.023 4524 0.93 1.92 -2.13 0.14 +0.73 0.21 -0.06 0.24 +0.19 0.12 +0.03 0.13
01 00 33.9 -33 47 40 19.317 0.044 18.069 0.035 4778 1.73 1.73 -1.80 0.18                       +0.53 0.37 +0.26 0.31
01 00 34.0 -33 39 04 17.489 0.018 15.470 0.018 3500 0.40 2.05 -0.86 0.14 -0.12 0.16 -0.76 0.22            -0.61 0.10
01 00 34.1 -33 41 48 19.712 0.059 18.462 0.044 4712 1.89 1.69 -1.93 0.17            +0.01 0.51 +0.47 0.36 -0.05 0.35
01 00 34.3 -33 49 53 18.093 0.025 16.495 0.021 4322 0.91 1.93 -1.17 0.14 -0.11 0.25 -0.28 0.22 +0.64 0.30 -0.03 0.12
01 00 35.0 -33 43 14 18.688 0.029 17.423 0.023 4771 1.47 1.79 -2.04 0.15                       +0.15 0.22 -0.06 0.29
01 00 35.4 -33 46 59 18.452 0.027 17.022 0.023 4508 1.21 1.86 -1.23 0.14 -0.11 0.32 -0.26 0.24 -0.03 0.17 +0.02 0.13
01 00 35.6 -33 45 06 17.645 0.022 15.965 0.019 4233 0.67 1.98 -1.60 0.14 +0.24 0.15 -0.01 0.20 +0.02 0.13 +0.04 0.11
01 00 35.6 -33 44 17 19.069 0.040 17.876 0.028 4835 1.70 1.74 -2.34 0.18 +0.78 0.85 +0.04 0.84 +0.33 0.23           
01 00 35.6 -33 39 10 19.100 0.047 17.813 0.027 4681 1.60 1.76 -1.97 0.15 +0.28 0.71 +0.17 0.26 +0.10 0.16 -0.34 0.37
01 00 35.7 -33 45 39 19.403 0.046 18.237 0.033 4856 1.86 1.70 -2.27 0.21 +0.43 1.69 +1.00 0.33 -0.02 0.38           
01 00 35.8 -33 37 54 17.642 0.017 15.936 0.017 4169 0.64 1.99 -1.44 0.14 +0.01 0.17 -0.08 0.20 +0.02 0.11 -0.06 0.10
01 00 35.9 -33 37 42 18.480 0.031 17.223 0.027 4718 1.40 1.81 -2.01 0.14 +1.03 0.19 -0.37 0.51 -0.07 0.13 -0.21 0.23
01 00 35.9 -33 42 35 18.585 0.034 17.219 0.026 4602 1.32 1.83 -2.17 0.15            +0.14 0.30 -0.32 0.27 -0.23 0.29
01 00 35.9 -33 48 14 17.869 0.027 16.231 0.022 4281 0.79 1.96 -1.48 0.14 +0.14 0.22 -0.23 0.22 +0.11 0.20 +0.02 0.12
01 00 36.0 -33 39 01 20.061 0.065 18.936 0.049 5014 2.16 1.63 -0.95 0.15            -0.05 0.26 +0.13 0.31           
01 00 36.1 -33 43 26 20.278 0.095 19.022 0.041 4661 2.12 1.64 -2.41 0.26            +0.23 0.86            +0.91 0.32
01 00 36.7 -33 44 05 18.758 0.031 17.459 0.029 4642 1.46 1.80 -2.04 0.15 -0.16 1.68            +0.23 0.23 -0.14 0.25
01 00 37.0 -33 44 43 20.140 0.087 18.898 0.056 4738 2.08 1.65 -1.69 0.36            +0.45 1.02 -0.22 0.90 +0.66 0.20
01 00 37.3 -33 39 31 20.140 0.095 18.962 0.047 4898 2.14 1.64 -1.34 0.17            +0.60 0.30 +0.28 0.27 +0.20 0.26
01 00 37.8 -33 41 23 18.767 0.032 17.433 0.028 4624 1.42 1.81 -1.27 0.14 -0.11 0.27 -0.09 0.22 -0.14 0.16 -0.29 0.14
01 00 37.8 -33 44 09 17.972 0.025 16.491 0.025 4458 0.98 1.91 -1.94 0.14 +0.19 0.31 -0.42 0.34 +0.14 0.13 -0.15 0.14
01 00 38.0 -33 43 34 19.468 0.060 18.357 0.039 5063 1.94 1.68 -0.86 0.15 +0.19 0.37 -0.87 0.40 -0.47 0.30           
01 00 38.1 -33 48 17 17.493 0.023 15.730 0.020 4159 0.55 2.01 -1.67 0.14 +0.15 0.21 -0.09 0.21 +0.25 0.17 +0.02 0.11
01 00 39.8 -33 48 40 20.468 0.107 19.272 0.063 4898 2.26 1.61 -1.44 0.28            +0.17 0.73            +0.44 0.53
01 00 39.9 -33 46 57 20.208 0.079 18.922 0.052 4692 2.06 1.65 -1.37 0.21                       +0.49 0.58 -0.19 0.60
01 00 40.6 -33 41 11 18.566 0.032 17.095 0.021 4460 1.21 1.86 -1.15 0.14 +0.11 0.19 -0.39 0.22 -0.21 0.16 -0.14 0.12
01 00 42.1 -33 44 03 19.328 0.043 18.014 0.029 4669 1.67 1.75 -1.33 0.15 +0.02 0.51 -0.05 0.25 +0.03 0.25 -0.40 0.21
01 00 42.2 -33 44 39 19.228 0.039 17.940 0.025 4677 1.65 1.75 -1.78 0.16            -0.72 1.16 +0.26 0.30 -0.10 0.23
01 00 42.4 -33 43 09 17.280 0.018 15.549 0.020 4209 0.58 2.01 -2.26 0.14 +0.56 0.18 +0.42 0.24 +0.27 0.13 +0.04 0.11
01 00 42.5 -33 44 23 17.515 0.015 15.675 0.020 3743 0.52 2.02 -1.49 0.14 -0.10 0.20 -0.06 0.22 -0.50 0.12 -0.61 0.10
01 00 44.3 -33 49 19 17.712 0.022 16.006 0.018 4290 0.67 1.98 -1.30 0.14 +0.23 0.21 -0.59 0.27 -0.30 0.18 +0.05 0.12
01 00 44.5 -33 47 47 20.129 0.090 18.870 0.051 4795 2.06 1.66 -1.33 0.19                       -0.53 0.61 -0.18 0.45
01 00 46.1 -33 44 43 18.587 0.025 17.285 0.025 4800 1.39 1.81 -1.15 0.14 -0.05 0.32            -0.27 0.26 -0.47 0.20
01 00 46.8 -33 44 59 19.824 0.075 18.725 0.045 4902 2.09 1.65 -2.31 0.30            +0.74 0.42                      
01 00 47.8 -33 41 03 18.397 0.026 17.088 0.021 4660 1.31 1.83 -3.80 0.28                                            
01 00 49.4 -33 42 01 17.319 0.018 15.480 0.023 4120 0.53 2.02 -1.70 0.14 +0.15 0.19 +0.00 0.19 -0.01 0.10 -0.10 0.11
01 00 49.8 -33 44 18 19.083 0.039 17.724 0.022 4517 1.53 1.78 -1.31 0.15            -0.25 0.31 +0.13 0.41 -0.49 0.18
01 00 50.2 -33 44 02 20.328 0.083 19.392 0.062 5620 2.47 1.56 -2.04 0.56                                  -0.09 5.66
